-1591689988
-2067606305
727599165
-1591687105
-2067603422
727602048
-1591684222
-2067600539
727604931
-1591681339
-2067577475
727627995
1697533455
-2067574592
727630878
1697536338
-2067571709
727633761
1697539221
-2067568826
727656825
1697562285
-2067545762
727659708
1697565168
-2067542879
727662591
1697568051
-2067539996
727665474
1697591115
-2067516932
727688538
1697593998
-2067514049
727691421
1697596881
-2067511166
727694304
1697599764
-2067488102
727717368
1697622828
-2067485219
727720251
1697625711
-2067482336
727723134
1697628594
-2067479453
727746198
1697651658
-2067456389
727749081
1697654541
-2067453506
727751964
1697657424
-2067450623
727754847
1697680488
-2067427559
727777911
1697683371
-2067424676
727780794
1697686254
-2067421793
727783677
1697689137
-2067398729
727806741
1697712201
-2067395846
727809624
1697715084
-2067392963
727812507
1697717967
-2067390080
727835571
1697741031
-2067367016
727838454
1697743914
-2067364133
727841337
1697746797
-2067361250
727844220
1697769861
-2067338186
727867284
1697772744
-2067335303
727870167
1697775627
-2067332420
727873050
1697778510
-2066683745
728521725
584155711
-2066680862
728524608
584158594
-2066677979
728527491
584161477
-2066675096
728550555
584184541
-2066652032
728553438
584187424
-2066649149
728556321
584190307
-2066646266
728559204
584213371
-2066623202
728582268
584216254
-2066620319
728585151
584219137
-2066617436
728588034
584222020
-2066594372
728611098
584245084
-2066591489
728613981
584247967
-2066588606
728616864
584250850
-2066585723
728639928
584273914
-2066562659
728642811
584276797
-2066559776
728645694
584279680
-2066556893
728648577
584302744
-2066533829
728671641
584305627
-2066530946
728674524
584308510
-2066528063
728677407
584311393
-2066504999
728700471
584334457
-2066502116
728703354
584337340
-2066499233
728706237
584340223
-2066496350
728729301
584363287
-2066473286
728732184
584366170
-2066470403
728735067
584369053
-2066467520
728737950
584392117
-2066444456
728761014
584395000
-2066441573
728763897
584397883
-2066438690
728766780
584400766
-2066415626
728789844
584423830
-2066412743
728792727
584426713
-2066409860
728795610
584429596
-2066406977
729444285
585078271
-2065758302
729447168
585081154
-2065755419
729450051
585084037
-2065752536
729452934
585107101
-2065729472
729475998
585109984
-2065726589
729478881
585112867
-2065723706
729481764
585115750
-2065700642
729504828
585138814
-2065697759
729507711
585141697
-2065694876
729510594
585144580
-2065691993
729533658
585167644
-2065668929
729536541
585170527
-2065666046
729539424
585173410
-2065663163
729542307
585196474
-2065640099
729565371
585199357
-2065637216
729568254
585202240
-2065634333
729571137
585205123
-2065611269
729594201
585228187
-2065608386
729597084
585231070
-2065605503
729599967
585233953
-2065602620
729623031
585257017
-2065579556
729625914
585259900
-2065576673
729628797
585262783
-2065573790
729631680
585285847
-2065550726
729654744
585288730
-2065547843
729657627
585291613
-2065544960
729660510
585294496
-2065521896
729683574
585317560
-2065519013
729686457
585320443
-2065516130
729689340
585323326
-2065513247
729712404
585346390
-2065490183
729715287
585349273
-2065487300
729718170
585352156
-2065484417
729721053
586000831
-2064835742
730369728
586003714
-2064832859
730372611
586006597
-2064829976
730375494
586009480
-2064806912
730398558
586032544
-2064804029
730401441
586035427
-2064801146
730404324
586038310
-2064798263
730427388
586061374
-2064775199
730430271
586064257
-2064772316
730433154
586067140
-2064769433
730436037
586090204
-2064746369
730459101
586093087
-2064743486
730461984
586095970
-2064740603
730464867
586098853
-2064717539
730487931
586121917
-2064714656
730490814
586124800
-2064711773
730493697
586127683
-2064708890
730516761
586150747
-2064685826
730519644
586153630
-2064682943
730522527
586156513
-2064680060
730525410
586179577
-2064656996
730548474
586182460
-2064654113
730551357
586185343
-2064651230
730554240
586188226
-2064628166
730577304
586211290
-2064625283
730580187
586214173
-2064622400
730583070
586217056
-2064619517
730606134
586240120
-2064596453
730609017
586243003
-2064593570
730611900
586245886
-2064590687
730614783
586268950
-2064567623
730637847
586271833
-2064564740
730640730
586274716
-2064561857
730643613
586277599
-2063913182
731292288
586926274
-2063910299
731295171
586929157
-2063907416
731298054
586932040
-2063904533
731321118
586955104
-2063881469
731324001
586957987
-2063878586
731326884
586960870
-2063875703
731329767
586983934
-2063852639
731352831
586986817
-2063849756
731355714
586989700
-2063846873
731358597
586992583
-2063823809
731381661
587015647
-2063820926
731384544
587018530
-2063818043
731387427
587021413
-2063815160
731410491
587044477
-2063792096
731413374
587047360
-2063789213
731416257
587050243
-2063786330
731419140
587073307
-2063763266
731442204
587076190
-2063760383
731445087
587079073
-2063757500
731447970
587081956
-2063734436
731471034
587105020
-2063731553
731473917
587107903
-2063728670
731476800
587110786
-2063725787
731499864
587133850
-2063702723
731502747
587136733
-2063699840
731505630
587139616
-2063696957
731508513
587162680
-2063673893
731531577
587165563
-2063671010
731534460
587168446
-2063668127
731537343
587171329
-2063645063
731560407
587194393
-2063642180
731563290
587197276
-2063639297
731566173
587200159
-2063636414
732214848
587848834
-2062987739
732217731
587851717
-2062984856
732220614
587854600
-2062981973
732223497
587877664
-2062958909
732246561
587880547
-2062956026
732249444
587883430
-2062953143
732252327
587886313
-2062930079
732275391
587909377
-2062927196
732278274
587912260
-2062924313
732281157
587915143
-2062921430
732304221
587938207
-2062898366
732307104
587941090
-2062895483
732309987
587943973
-2062892600
732312870
587967037
-2062869536
732335934
587969920
-2062866653
732338817
587972803
-2062863770
732341700
587975686
-2062840706
732364764
587998750
-2062837823
732367647
588001633
-2062834940
732370530
588004516
-2062832057
732393594
588027580
-2062808993
732396477
588030463
-2062806110
732399360
588033346
-2062803227
732402243
588056410
-2062780163
732425307
588059293
-2062777280
732428190
588062176
-2062774397
732431073
588065059
-2062751333
732454137
588088123
-2062748450
732457020
588091006
-2062745567
732459903
588093889
-2062742684
732482967
588116953
-2062719620
732485850
588119836
-2062716737
732488733
588122719
-2062713854
732491616
588771394
-2062065179
733140291
588774277
-2062062296
733143174
588777160
-2062059413
733146057
588780043
-2062036349
733169121
588803107
-2062033466
733172004
588805990
-2062030583
733174887
588808873
-2062027700
733197951
588831937
-2062004636
733200834
588834820
-2062001753
733203717
588837703
-2061998870
733206600
588860767
-2061975806
733229664
588863650
-2061972923
733232547
588866533
-2061970040
733235430
588869416
-2061946976
733258494
588892480
-2061944093
733261377
588895363
-2061941210
733264260
588898246
-2061938327
733287324
588921310
-2061915263
733290207
588924193
-2061912380
733293090
588927076
-2061909497
733295973
588950140
-2061886433
733319037
588953023
-2061883550
733321920
588955906
-2061880667
733324803
588958789
-2061857603
733347867
588981853
-2061854720
733350750
588984736
-2061851837
733353633
588987619
-2061848954
733376697
589010683
-2061825890
733379580
589013566
-2061823007
733382463
589016449
-2061820124
733385346
589039513
-2061797060
733408410
589042396
-2061794177
733411293
589045279
-2061791294
733414176
589048162
-2061142619
734062851
589696837
-2061139736
734065734
589699720
-2061136853
734068617
589702603
-2061133970
734091681
589725667
-2061110906
734094564
589728550
-2061108023
734097447
589731433
-2061105140
734100330
589754497
-2061082076
734123394
589757380
-2061079193
734126277
589760263
-2061076310
734129160
589763146
-2061053246
734152224
589786210
-2061050363
734155107
589789093
-2061047480
734157990
589791976
-2061044597
734181054
589815040
-2061021533
734183937
589817923
-2061018650
734186820
589820806
-2061015767
734189703
589843870
-2060992703
734212767
589846753
-2060989820
734215650
589849636
-2060986937
734218533
589852519
-2060963873
734241597
589875583
-2060960990
734244480
589878466
-2060958107
734247363
589881349
-2060955224
734270427
589904413
-2060932160
734273310
589907296
-2060929277
734276193
589910179
-2060926394
734279076
589933243
-2060903330
734302140
589936126
-2060900447
734305023
589939009
-2060897564
734307906
589941892
-2060874500
734330970
589964956
-2060871617
734333853
589967839
-2060868734
734336736
589970722
-2060865851
734985411
590619397
-2060217176
734988294
590622280
-2060214293
734991177
590625163
-2060211410
734994060
590648227
-2060188346
735017124
590651110
-2060185463
735020007
590653993
-2060182580
735022890
590656876
-2060159516
735045954
590679940
-2060156633
735048837
590682823
-2060153750
735051720
590685706
-2060150867
735074784
590708770
-2060127803
735077667
590711653
-2060124920
735080550
590714536
-2060122037
735083433
590737600
-2060098973
735106497
590740483
-2060096090
735109380
590743366
-2060093207
735112263
590746249
-2060070143
735135327
590769313
-2060067260
735138210
590772196
-2060064377
735141093
590775079
-2060061494
735164157
590798143
-2060038430
735167040
590801026
-2060035547
735169923
590803909
-2060032664
735172806
590826973
-2060009600
735195870
590829856
-2060006717
735198753
590832739
-2060003834
735201636
590835622
-2059980770
735224700
590858686
-2059977887
735227583
590861569
-2059975004
735230466
590864452
-2059972121
735253530
590887516
-2059949057
735256413
590890399
-2059946174
735259296
590893282
-2059943291
735262179
591541957
-2059294616
735910854
591544840
-2059291733
735913737
591547723
-2059288850
735916620
591550606
-2059265786
735939684
591573670
-2059262903
735942567
591576553
-2059260020
735945450
591579436
-2059257137
735968514
591602500
-2059234073
735971397
591605383
-2059231190
735974280
591608266
-2059228307
735977163
591631330
-2059205243
736000227
591634213
-2059202360
736003110
591637096
-2059199477
736005993
591639979
-2059176413
736029057
591663043
-2059173530
736031940
591665926
-2059170647
736034823
591668809
-2059167764
736057887
591691873
-2059144700
736060770
591694756
-2059141817
736063653
591697639
-2059138934
736066536
591720703
-2059115870
736089600
591723586
-2059112987
736092483
591726469
-2059110104
736095366
591729352
-2059087040
736118430
591752416
-2059084157
736121313
591755299
-2059081274
736124196
591758182
-2059078391
736147260
591781246
-2059055327
736150143
591784129
-2059052444
736153026
591787012
-2059049561
736155909
591810076
-2059026497
736178973
591812959
-2059023614
736181856
591815842
-2059020731
736184739
591818725
