589728550
587854600
587105020
1697622828
591602500
589970722
590798143
591547723
587909377
584184541
584426713
586035427
586245886
588119836
590775079
584161477
590829856
588955906
591812959
587081956
585199357
1697568051
589760263
587136733
591758182
589815040
586067140
587877664
584340223
584395000
586277599
588065059
588869416
590619397
586090204
585285847
588088123
590861569
586926274
1697599764
588924193
591781246
1697654541
585231070
587168446
585294496
591665926
588860767
589907296
586098853
584302744
584247967
588033346
589852519
590711653
586121917
584279680
588056410
589875583
590656876
588892480
585084037
585317560
1697746797
585262783
586957987
588837703
587200159
589696837
1697591115
591634213
589939009
584216254
588001633
591579436
590743366
586153630
586989700
585349273
1697536338
1697778510
585107101
588805990
589048162
587044477
589789093
589039513
585115750
591663043
586240120
590858686
591608266
587969920
587915143
584366170
586185343
586217056
590835622
588774277
587938207
590648227
587021413
589016449
1697683371
1697628594
585138814
587076190
585202240
589820806
591631330
-1591684222
591818725
588953023
590890399
586006597
586271833
591576553
587883430
584334457
590679940
584311393
1697769861
589843870
588984736
1697715084
585170527
590625163
585233953
591726469
587107903
588921310
589725667
587162680
586038310
584429596
587851717
588093889
586061374
590772196
584219137
588116953
589936126
585257017
1697565168
587139616
588898246
591694756
589757380
587194393
591639979
590826973
588062176
589702603
584155711
584397883
586124800
586093087
584187424
588030463
590803909
589967839
585288730
1697651658
588866533
1697596881
586929157
587171329
585109984
1697689137
586983934
589045279
591723586
584305627
586179577
589849636
587975686
591668809
586156513
587998750
588780043
590708770
585320443
586960870
1697743914
588834820
590653993
-1591687105
585078271
1697533455
585141697
587015647
589013566
591691873
584273914
586211290
591637096
589881349
587943973
584250850
586188226
589904413
587967037
590740483
1697775627
586992583
588803107
587047360
585352156
590685706
1697625711
591787012
584423830
585173410
589786210
588981853
584369053
586243003
591544840
586032544
587912260
589731433
588122719
586000831
584158594
590832739
588771394
1697680488
591810076
585196474
587079073
588958789
1697657424
584392117
585205123
587133850
589817923
590887516
586009480
588950140
591755299
584337340
587880547
586274716
589763146
586064257
588091006
590864452
1697712201
585228187
587110786
590622280
588927076
1697562285
587165563
591784129
591541957
589910179
587848834
586095970
591729352
584245084
588059293
589933243
584222020
590769313
588895363
586955104
585081154
590714536
585259900
1697593998
587197276
591697639
591752416
589754497
588004516
584213371
584400766
586127683
589941892
589699720
588027580
584190307
588808873
586932040
586150747
590801026
585346390
589964956
1697539221
588863650
591720703
586986817
585291613
590746249
589042396
584363287
585112867
591605383
587972803
589846753
586182460
591550606
584308510
589791976
588777160
590651110
1697741031
588831937
590893282
-1591689988
585323326
1697686254
587018530
589010683
587886313
585144580
591573670
591815842
-1591681339
587073307
586268950
587941090
589878466
586214173
584276797
586003714
590682823
590737600
588987619
1697772744
585167644
1697717967
587050243
