589728550
587854600
587105020
729507711
735051720
591602500
731381661
730554240
584184541
586245886
588119836
590775079
730522527
732396477
729539424
735910854
585199357
1697568051
727665474
734270427
589760263
587136733
591758182
728789844
731537343
735020007
733287324
584340223
728524608
586277599
588869416
590619397
586090204
730490814
588088123
736066536
732428190
1697599764
729571137
727633761
585231070
587168446
585294496
591665926
731505630
734068617
733379580
728556321
584247967
589852519
590711653
586121917
584279680
730459101
735974280
588056410
734333853
585262783
588837703
587200159
589696837
731473917
591634213
729712404
733411293
584216254
728588034
590743366
586153630
730614783
727806741
730427388
734302140
735083433
729447168
732364764
735942567
733146057
1697536338
585107101
588805990
587044477
729568254
589789093
589039513
734991177
591663043
731321118
733382463
730493697
587915143
735256413
586185343
586217056
728521725
590835622
588774277
733414176
590648227
732335934
1697628594
585138814
727662591
587076190
585202240
589820806
591631330
729599967
591818725
732399360
730461984
734100330
587883430
735224700
590679940
728553438
584311393
1697769861
730430271
736005993
731508513
732367647
729631680
727694304
585170527
585233953
591726469
587107903
589725667
729444285
731445087
732491616
733319037
587851717
728616864
586061374
727835571
728585151
590772196
584219137
588116953
735913737
730398558
732459903
731476800
734273310
736147260
727602048
1697565168
587139616
588898246
591694756
589757380
729475998
735022890
731413374
733350750
584155711
728648577
586124800
586093087
584187424
590803909
727867284
732304221
588866533
736178973
1697596881
587171329
734241597
589045279
732307104
728559204
584305627
729683574
586179577
730433154
735195870
591668809
587998750
588780043
735977163
727777911
731292288
733353633
585320443
586960870
732275391
1697743914
590653993
-1591687105
589013566
734336736
732338817
730401441
584273914
729715287
586211290
591637096
735164157
733385346
589904413
587967037
735945450
727809624
1697775627
729450051
586992583
731447970
734305023
585352156
590685706
734244480
734994060
588981853
730369728
584369053
732431073
586243003
733258494
591544840
589731433
588122719
1697680488
727841337
728700471
731416257
591810076
585196474
734212767
729481764
587133850
590887516
586009480
588950140
584337340
730525410
731352831
733290207
586274716
589763146
735227583
588091006
735259296
733321920
728732184
1697712201
727873050
731384544
585228187
734181054
590622280
736118430
736181856
587165563
732246561
734307906
591541957
730372611
591729352
584245084
735135327
588059293
735167040
735916620
589933243
727838454
733293090
729478881
730637847
731419140
727604931
590714536
585259900
736150143
587197276
591697639
734276193
732278274
584213371
584400766
589699720
588027580
588808873
586932040
586150747
727870167
733324803
589964956
729510594
728729301
730606134
1697539221
731387427
585291613
590746249
589042396
736057887
734183937
591605383
732370530
728761014
586182460
733197951
584308510
589791976
588777160
735230466
590651110
733229664
731355714
1697741031
729542307
-1591689988
585323326
736089600
589010683
734152224
587886313
732214848
732402243
591573670
587073307
728792727
730464867
586214173
584276797
728527491
590682823
735198753
733261377
727746198
731324001
1697772744
585167644
734247363
736121313
1697622828
727688538
589970722
590798143
591547723
587909377
584426713
586035427
735106497
731358597
730577304
584161477
728703354
733232547
590829856
588955906
591812959
587081956
727844220
734215650
736153026
729594201
727656825
732217731
589815040
586067140
587877664
584395000
588065059
733264260
735074784
735262179
731326884
728735067
585285847
590861569
586926274
588924193
591781246
1697654541
732482967
736184739
734123394
732309987
588860767
729625914
589907296
586098853
584302744
728766780
730436037
731560407
588033346
733169121
735169923
731295171
589875583
590656876
588892480
585084037
727720251
585317560
1697746797
586957987
736029057
734091681
734279076
732341700
1697591115
729657627
589939009
730404324
588001633
591579436
733200834
735138210
728611098
586989700
585349273
727751964
1697778510
589048162
731563290
732312870
585115750
734186820
728763897
586240120
590858686
591608266
729623031
587969920
735045954
584366170
731298054
730516761
587938207
733172004
727717368
587021413
589016449
1697683371
736092483
734155107
-1591684222
731531577
729654744
588953023
590890399
586006597
586271833
728795610
591576553
584334457
733203717
589843870
735201636
727749081
588984736
1697715084
736060770
590625163
731499864
732249444
734062851
588921310
736124196
729686457
587162680
586038310
584429596
588093889
730375494
733295973
735109380
728639928
730640730
589936126
727780794
585257017
735968514
732281157
729718170
736155909
587194393
734218533
591639979
590826973
588062176
589702603
584397883
733140291
588030463
735077667
730609017
589967839
728671641
585288730
1697651658
727812507
729452934
586929157
585109984
729628797
1697689137
586983934
731502747
732252327
734126277
591723586
589849636
587975686
734985411
733376697
728582268
586156513
730643613
590708770
735172806
736031940
588834820
727723134
585078271
1697533455
585141697
587015647
729660510
731471034
734094564
591691873
733408410
589881349
587943973
728613981
584250850
730611900
586188226
733143174
735141093
590740483
588803107
587047360
736000227
727754847
727630878
1697625711
591787012
584423830
585173410
589786210
734189703
729504828
735048837
586032544
587912260
728645694
730580187
732454137
586000831
733235430
584158594
590832739
588771394
736095366
587079073
588958789
1697657424
584392117
585205123
732220614
727599165
734157990
589817923
729536541
591755299
587880547
735017124
586064257
731329767
728677407
730548474
732485850
590864452
736063653
587110786
588927076
729689340
1697562285
731442204
591784129
727627995
734065734
589910179
587848834
586095970
732457020
728642811
730583070
584222020
735112263
590769313
588895363
735971397
727783677
586955104
585081154
734330970
1697593998
729533658
729721053
731410491
591752416
589754497
588004516
586127683
732223497
733347867
589941892
584190307
728674524
590801026
585346390
732488733
730551357
735080550
735939684
588863650
591720703
586986817
727691421
584363287
585112867
729565371
731566173
587972803
734129160
589846753
734988294
735253530
591550606
728706237
733174887
730519644
736034823
588831937
590893282
732393594
1697686254
587018530
729597084
727659708
585144580
591815842
-1591681339
731534460
734097447
586268950
587941090
589878466
586003714
728737950
730487931
590737600
728550555
588987619
736003110
733206600
732425307
1697717967
587050243
