734247363
736121313
729507711
727688538
735051720
731381661
730554240
735106497
731358597
730577304
728703354
730522527
733232547
732396477
729539424
735910854
727665474
727844220
734270427
734215650
736153026
728789844
729594201
731537343
727656825
732217731
735020007
733287324
728524608
733264260
735074784
735262179
731326884
728735067
730490814
736066536
732428190
729571137
727633761
732482967
736184739
734123394
732309987
729625914
731505630
734068617
733379580
728766780
730436037
728556321
731560407
733169121
735169923
730459101
731295171
735974280
734333853
727720251
736029057
734091681
734279076
732341700
731473917
729657627
729712404
733411293
730404324
728588034
733200834
730614783
735138210
727806741
730427388
728611098
734302140
735083433
729447168
732364764
735942567
733146057
727751964
731563290
732312870
729568254
734186820
734991177
728763897
731321118
733382463
729623031
730493697
735045954
735256413
731298054
728521725
730516761
733172004
733414176
727717368
732335934
736092483
727662591
734155107
729599967
731531577
729654744
732399360
730461984
728795610
734100330
735224700
728553438
730430271
733203717
735201636
736005993
731508513
732367647
727749081
729631680
736060770
727694304
731499864
732249444
734062851
736124196
729444285
729686457
731445087
732491616
733319037
728616864
730375494
733295973
727835571
728585151
735109380
735913737
728639928
730398558
730640730
732459903
731476800
734273310
727780794
736147260
727602048
735968514
732281157
729475998
729718170
735022890
736155909
731413374
734218533
733350750
728648577
733140291
735077667
730609017
727867284
728671641
727812507
732304221
729452934
736178973
734241597
729628797
731502747
732252327
734126277
732307104
728559204
729683574
730433154
735195870
734985411
733376697
728582268
730643613
735977163
727777911
731292288
733353633
735172806
732275391
736031940
727723134
729660510
731471034
734094564
734336736
732338817
730401441
729715287
733408410
735164157
728613981
730611900
733143174
733385346
735141093
735945450
727809624
729450051
731447970
734305023
736000227
727754847
727630878
734244480
734994060
734189703
729504828
730369728
732431073
733258494
735048837
728645694
730580187
732454137
733235430
727841337
728700471
731416257
736095366
734212767
729481764
732220614
727599165
734157990
729536541
730525410
731352831
733290207
735017124
735227583
731329767
728677407
730548474
732485850
735259296
733321920
728732184
727873050
731384544
736063653
734181054
736118430
736181856
729689340
731442204
732246561
727627995
734065734
734307906
730372611
735135327
735167040
735916620
732457020
728642811
730583070
727838454
733293090
735112263
729478881
730637847
735971397
727783677
731419140
727604931
734330970
736150143
729533658
729721053
731410491
734276193
732278274
732223497
733347867
728674524
727870167
732488733
730551357
733324803
735080550
729510594
735939684
728729301
730606134
731387427
736057887
727691421
734183937
732370530
728761014
729565371
731566173
734129160
734988294
735253530
733197951
735230466
728706237
733174887
733229664
731355714
730519644
729542307
736034823
732393594
736089600
729597084
734152224
727659708
732214848
732402243
731534460
734097447
728792727
730464867
728527491
728737950
730487931
735198753
733261377
727746198
731324001
728550555
736003110
733206600
732425307
