-2063639297
-2065700642
-2067574592
-2065513247
-2059141817
-2059087040
-2064708890
-2066504999
-2060960990
-2061015767
-2062834940
-2063904533
-2064685826
-2066528063
-2060156633
-2063849756
-2065723706
-2065490183
-2061975806
-2067606305
-2067364133
-2060211410
-2062030583
-2062921430
-2059173530
-2061797060
-2062866653
-2060929277
-2066591489
-2059228307
-2064654113
-2064622400
-2066559776
-2060070143
-2063818043
-2065755419
-2067395846
-2060124920
-2062062296
-2061820124
-2065637216
-2062953143
-2061079193
-2063763266
-2059265786
-2067511166
-2065691993
-2059023614
-2064832859
-2064567623
-2062898366
-2061133970
-2059078391
-2066683745
-2066441573
-2066652032
-2064590687
-2059977887
-2061851837
-2063786330
-2067488102
-2060032664
-2065668929
-2065605503
-2062984856
-2067542879
-2063731553
-2059055327
-2060992703
-2062742684
-2064801146
-2062930079
-2059110104
-2066473286
-2061047480
-2061938327
-2066496350
-2062719620
-2060188346
-2059946174
-2061883550
-2067332420
-2063699840
-2061142619
-2060955224
-2059081274
-2065573790
-2063645063
-2060900447
-2064769433
-2064714656
-2062774397
-2066588606
-2061970040
-2064746369
-2060096090
-2062751333
-2065550726
-2061915263
-2067424676
-2060150867
-2063910299
-2065729472
-2063668127
-2059112987
-2061110906
-2067479453
-2066409860
-2060868734
-2064682943
-2062806110
-2059167764
-2066620319
-2060064377
-2060009600
-2066675096
-2065519013
-2061946976
-2063878586
-2063636414
-2067456389
-2062001753
-2067571709
-2061018650
-2062892600
-2063823809
-2059205243
-2059949057
-2064628166
-2062837823
-2064651230
-2059260020
-2066502116
-2060159516
-2059972121
-2062033466
-2067361250
-2060214293
-2061791294
-2063846873
-2063792096
-2065487300
-2067603422
-2060986937
-2065666046
-2059049561
-2066533829
-2060932160
-2059291733
-2064596453
-2062869536
-2064806912
-2062924313
-2067338186
-2066556893
-2060127803
-2062065179
-2064619517
-2063815160
-2065752536
-2060963873
-2060182580
-2061823007
-2059026497
-2067392963
-2063760383
-2065697759
-2059020731
-2061082076
-2065634333
-2064829976
-2061886433
-2066438690
-2059262903
-2064564740
-2061136853
-2064775199
-2062956026
-2062713854
-2066649149
-2060035547
-2060871617
-2067485219
-2065611269
-2061854720
-2061909497
-2063728670
-2059052444
-2066415626
-2061050363
-2064798263
-2065602620
-2063673893
-2067539996
-2066470403
-2059980770
-2059294616
-2061105140
-2064743486
-2062987739
-2062745567
-2060003834
-2066680862
-2067516932
-2065579556
-2063696957
-2061941210
-2063642180
-2067390080
-2059144700
-2059199477
-2062832057
-2062777280
-2064711773
-2060958107
-2066562659
-2063907416
-2062808993
-2060098973
-2066585723
-2067421793
-2062027700
-2065726589
-2063852639
-2061972923
-2067367016
-2060153750
-2065547843
-2059176413
-2061794177
-2059231190
-2066406977
-2064680060
-2062863770
-2066594372
-2060926394
-2060067260
-2067398729
-2063875703
-2064656996
-2066617436
-2062840706
-2060903330
-2067453506
-2065516130
-2062059413
-2062004636
-2065758302
-2063820926
-2060122037
-2061021533
-2067568826
-2061825890
-2059202360
-2066499233
-2066444456
-2061076310
-2064625283
-2059257137
-2064835742
-2062895483
-2059975004
-2066467520
-2062036349
-2060217176
-2065484417
-2061848954
-2067545762
-2063789213
-2063734436
-2062981973
-2060989820
-2065663163
-2059234073
-2067600539
-2061857603
-2066530946
-2061044597
-2064804029
-2064593570
-2062927196
-2059288850
-2062716737
-2059943291
-2063757500
-2065694876
-2065640099
-2060185463
-2067577475
-2067335303
-2061880667
-2063702723
-2067450623
-2059084157
-2064772316
-2062958909
-2061139736
-2060897564
-2064561857
-2059138934
-2066623202
-2062748450
-2060038430
-2060874500
-2066646266
-2063913182
-2063725787
-2067427559
-2060093207
-2061912380
-2065608386
-2063671010
-2065544960
-2067482336
-2061053246
-2059115870
-2062803227
-2059170647
-2064740603
-2066412743
-2061108023
-2060865851
-2062780163
-2061998870
-2064717539
-2066677979
-2060006717
-2063881469
-2065521896
-2061944093
-2067514049
-2065576673
-2060061494
